version https://git-lfs.github.com/spec/v1
oid sha256:e14e8b9cd03f7a986994fd30a60cc4c548d469fa47863ca7c4099dd127e47824
size 1403470
