version https://git-lfs.github.com/spec/v1
oid sha256:f9289968af14e26ef6397a6bc488627625f0ca8941b06af0fbc6496a29ba2bcb
size 1403563
