version https://git-lfs.github.com/spec/v1
oid sha256:b21d8b1ffa4f496ebf958c4a2231ae08b66bf4580f8bc133deaa324652f26d03
size 1403557
