version https://git-lfs.github.com/spec/v1
oid sha256:667ad9d56b0afc817c612f542059638dea466961a6752e10ff4a981fbd9721ee
size 1403569
