version https://git-lfs.github.com/spec/v1
oid sha256:99af4c6f994b6b495b5c80276295bf3fddd767f3bdd7d76adbe3c80b4cd2b638
size 1239886
