version https://git-lfs.github.com/spec/v1
oid sha256:f9f2f8e9aa11fedd71415df976d03f08d9dbfbad79350660bca9fb22f38a49ab
size 1403528
