version https://git-lfs.github.com/spec/v1
oid sha256:f3b76ff439224feee31bff071a2c7a7374f2d312f2c452c929f26aa267aa71e0
size 1403593
