version https://git-lfs.github.com/spec/v1
oid sha256:bfc6a7e003d39e0950c36d8f4033817c182178911fd0c3346bc004de037408e1
size 1403479
