version https://git-lfs.github.com/spec/v1
oid sha256:85c64b4f5165b68c1131f8f100bebca99f095be629ba38403a4ef9c8dcf64a41
size 1403618
